9.841	788.013468541808	0
10.974	879.4618151399723	0
10.16	994.4731335148497	0
10.38	684.3433185292615	0
10.802	1067.8530433523356	0
9.788	1285.1250649855128	0
9.803	881.929675808631	0
10.713	1195.2516687002515	0
9.752	1467.0847471189272	0
10.054	947.2616899689328	0
9.912	745.5468485599401	0
9.575	652.6649303905797	0
10.31	1021.4435550236258	0
10.217	759.6875446835697	0
9.45	1252.6715975707577	0
9.87	1298.5628615384117	0
9.605	1162.1724838355358	0
9.641	1295.3785705199298	0
10.058	1159.511926666321	0
9.895	930.7676916555404	0
10.839	754.697299502269	0
10.102	944.8968002108309	0
10.442	1277.0134506216746	0
10.499	654.6235931538386	0
10.73	917.0197182700731	0
9.79	942.9595180038756	0
10.773	926.9025417364032	0
10.896	1331.0680655695508	0
10.792	852.3813947108538	0
11.025	876.6951248264538	0
11.01	1109.62260301621	0
9.246	812.3019758084288	0
9.61	1085.644164327684	0
10.002	1466.9215562012264	0
9.595	1056.0543289800664	0
10.282	984.781067671347	0
9.985	902.9179202618227	0
9.466	680.1200647454818	0
10.152	1339.0101844101316	0
10.774	1124.2343387845249	0
10.422	1416.2834028794155	0
9.361	1143.34519205374	0
10.116	673.5822743969653	0
10.274	722.1475399120889	0
9.623	676.4073894900391	0
9.404	1003.4851647087787	0
9.991	842.8736966785814	0
9.692	1452.582798865686	0
10.541	1313.4007880853433	0
10.384	714.1699697188653	0
9.772	1253.7813872408558	0
10.366	1192.0017456206058	0
10.204	935.1680789226468	0
9.739	679.1128535556027	0
11.07	1319.322703352082	0
10.793	840.8867495458333	0
9.644	681.0470437479543	0
11.304	644.989136115026	0
10.86	908.8618824859907	0
9.837	794.8670971175502	0
10.725	1387.4658295945321	0
10.842	1297.3444813623146	0
10.341	1050.5188864914855	0
10.653	845.3524253403732	0
11.081	1343.9511503961276	0
10.352	1275.798860859488	0
10.072	880.2710788318886	0
10.606	1193.4184675346833	0
10.252	935.0756698848929	0
10.279	937.1172475013418	0
10.124	637.2092675204412	0
10.427	641.3288987538177	0
10.041	984.1893712079426	0
10.784	924.8946443302966	0
10.006	1267.853722376006	0
10.251	1212.8341496665093	0
10.386	1257.9238816256607	0
10.795	803.3214363790686	0
10.747	1094.6693489825634	0
10.499	1378.882046214403	0
9.786	800.4440912436881	0
10.299	752.1392984181496	0
9.645	689.1439057858342	0
9.983	933.8575222637012	0
10.308	1264.7418739836603	0
9.396	604.1083830328367	0
9.765	919.0554508629027	0
10.677	1296.4689576864464	0
9.521	912.757171142913	0
10.936	950.7365372459249	0
10.359	1168.7697651506678	0
10.323	801.7223263374673	0
11.66	731.2303517419167	0
10.281	748.7234986828275	0
10.126	1032.556587579166	0
10.812	912.7793730606472	0
10.411	1406.0659279579068	0
9.875	680.5442270991268	0
10.23	1214.925230540387	0
9.984	1221.8431637614735	0
10.082	1272.7106999029047	0
10.351	1065.5166784688563	0
10.135	1059.898350455593	0
10.628	1426.6673754070139	0
10.189	1099.6274099108155	0
10.011	1249.2477053939967	0
9.158	625.7638731517247	0
9.55	1284.9600532134714	0
10.306	714.7274781850037	0
9.592	1418.3849134276559	0
9.055	357.77816731942033	0
10.129	814.3287323154186	0
9.993	1423.5450154066916	0
9.706	1443.203803053429	0
10.677	1133.5779089192529	0
10.335	1054.5124021791476	0
10.283	1394.3351119545105	0
10.573	788.2671792115664	0
10.138	1344.2512535401363	0
10.303	1091.6681921333648	0
10.374	784.774564075193	0
9.524	1103.1886727517156	0
9.627	1233.6357297970096	0
10.295	1269.1173198678373	0
10.382	884.5222147144959	0
9.125	536.944426068436	0
10.227	1393.1642646804198	0
10.268	1347.5231286474811	0
9.512	993.6672438448179	0
10.177	1418.93244442794	0
10.435	1308.3959377396925	0
9.399	656.4408551762114	0
10.16	834.0447548311504	0
10.57	1205.7172364142277	0
9.899	1429.1851970295832	0
10.483	1375.7139216596124	0
10.942	1432.4389823367887	0
10.297	1235.805636203157	0
10.468	734.9974043312017	0
10.304	810.6313575321559	0
9.887	781.3566999684774	0
10.098	727.4498012408719	0
9.459	1357.7024660402888	0
10.258	1469.6923944498635	0
10.245	761.5872731752886	0
9.743	979.444929781763	0
10.339	732.8489689552396	0
10.244	1024.1704924212634	0
9.974	1400.148413000584	0
10.642	1327.7171362167437	0
10.781	731.9619137977677	0
11.225	918.6273741417788	0
11.009	648.4204850868495	0
10.701	1040.5375629322493	0
10.635	1394.320474918512	0
10.752	1345.0745160622037	0
10.62	853.5725251641111	0
9.773	769.9640251983817	0
10.301	1367.0241036421812	0
9.295	412.2688564714036	0
10.169	1358.580086823902	0
9.774	749.6037282581998	0
10.215	626.457514279364	0
10.297	931.4991697363185	0
9.669	715.0731612555929	0
10.342	1348.0272228128438	0
10.271	835.4699758257497	0
10.011	721.3112665107121	0
10.303	822.7035832885404	0
10.769	1147.4125899385033	0
10.048	1241.8284497338905	0
9.813	858.0332296475921	0
10.244	626.0037034578972	0
9.684	1239.122806899911	0
10.784	649.6098629259628	0
10.65	875.4941668201957	0
11.212	1107.6673286886962	0
11.005	1182.4234678454154	0
10.383	1305.1229166838916	0
10.564	947.1616696202544	0
10.671	1391.9748193835208	0
10.744	1036.6933397581145	0
10.314	1085.711644880799	0
10.346	1144.9570481980527	0
10.199	1167.2104991579267	0
10.143	919.4835443356437	0
10.456	930.8812673903653	0
9.926	1465.901345816102	0
9.581	629.8597194416535	0
10.575	1215.386440884737	0
10.512	1078.1367791373875	0
9.755	1125.4450460796247	0
10.731	1349.0145642932148	0
10.818	1175.8774633999692	0
9.317	1274.9330981747185	0
9.909	1372.0896495545078	0
10.276	1310.583645994129	0
8.837	746.8715231828425	0
9.463	1218.2363249549567	0
9.917	1077.0478253072176	0
10.127	638.8412554426342	0
10.136	1153.3216678062445	0
10.685	731.3696671858494	0
10.738	672.6312713991883	0
11.119	1191.6804386978772	0
10.828	747.2611522373026	0
9.67	1387.0552217107243	0
10.732	912.3980789056477	0
9.769	782.0253760717535	0
9.74	606.4096848682765	0
10.418	1462.88139820842	0
10.173	1401.5697575504628	0
9.948	1093.0938385360987	0
10.215	837.6385815273653	0
11.003	1303.022146556078	0
10.255	1135.1769348222851	0
10.452	1275.8686463987392	0
10.12	636.6918363230767	0
9.875	1187.8942329095753	0
10.029	1042.7237027839815	0
9.937	1384.6322550248487	0
9.751	1161.0200548977991	0
10.438	1468.1829277692204	0
9.92	1379.0571153184906	0
10.927	1046.2299034816022	0
11.195	644.2313490773362	0
9.714	831.091266809683	0
10.313	883.3107951432439	0
9.535	1350.074240144107	0
8.938	620.6346625915933	0
10.646	975.5368628360831	0
10.446	1376.026574947848	0
9.143	522.0814583439115	0
10.131	963.7059388137903	0
10.689	782.5344872719734	0
9.606	793.5159898520498	0
10.213	635.5725789425567	0
9.972	1156.3595054737536	0
9.573	727.6439517813737	0
9.693	741.2131177553048	0
10.147	1338.5058949716308	0
10.299	1157.5779090585133	0
11.084	1146.9236023965786	0
10.332	931.2911466937394	0
10.62	652.695570129416	0
11.064	1463.6963509005232	0
9.73	1059.4282202308661	0
9.952	1268.7797971057428	0
10.183	840.6556174601347	0
9.513	1434.176596500136	0
9.833	1379.929987439288	0
11.203	1466.6564870278717	0
10.457	1143.3920957971172	0
10.389	1063.9981761133897	0
10.297	832.2799873716972	0
10.485	741.7516641858264	0
10.647	1473.0312728191393	0
11.971	967.9885019631613	0
10.427	628.032265556359	0
8.983	784.4477013559889	0
11.663	796.0592159380212	0
10.207	1026.8090240794309	0
8.766	798.7899203836489	0
10.485	797.5830921265703	0
10.751	1448.4310498627042	0
9.033	861.7779362902745	0
9.405	910.258100435187	0
11.946	1423.9644406139635	0
10.048	903.859973468989	0
9.403	1288.5384212784948	0
10.738	1460.2097319595189	0
10.046	1389.9241875197795	0
9.017	648.6480166405886	0
10.47	1264.2919733335839	0
10.064	1319.4508650921907	0
10.214	1175.9859031832939	0
10.255	1350.8656286964558	0
10.12	927.8458442882868	0
10.529	1146.265799661284	0
9.929	1343.9210141283882	0
9.336	1283.2985185018965	0
9.678	1471.4274483212564	0
9.96	1399.5738258418496	0
9.808	872.2921950487892	0
10.416	1288.2050254145333	0
10.612	1099.6464279438499	0
9.534	745.1568412490105	0
9.841	1129.6415374918938	0
10.974	856.5503787680907	0
10.16	692.7929526471712	0
10.38	884.6739682628115	0
10.802	1029.4136470658607	0
9.788	1380.0826403660358	0
9.803	619.6494749922417	0
10.713	1051.1879123461945	0
9.752	923.3018386574158	0
10.054	1345.4353809481531	0
9.912	1083.4882882820855	0
9.575	699.4058624799222	0
10.31	1102.7588161835913	0
10.217	1142.3169659843038	0
9.45	1227.7493305975772	0
9.87	813.6845891168052	0
9.605	1413.9628945047511	0
9.641	677.277600810242	0
10.058	1210.8012327973227	0
9.895	831.5234447116397	0
10.839	936.5875914662915	0
10.102	881.2669294934601	0
10.442	1163.233718159409	0
10.499	1239.7061855283478	0
10.73	1405.7767232366218	0
9.79	1368.0799471058824	0
10.773	1335.245819622881	0
10.896	1354.8788091058568	0
10.792	1316.168304118085	0
11.025	1064.7512704124072	0
11.01	700.6940475692437	0
9.246	724.9701570542686	0
9.61	1125.0427218625005	0
10.002	1205.3468330416213	0
9.595	1078.174099990139	0
10.282	1347.2318590168006	0
9.985	1158.9766347279042	0
9.466	1023.6852722924011	0
10.152	638.3179956099524	0
10.774	1116.2955711876002	0
10.422	750.1178365495676	0
9.361	1034.6149857166388	0
10.116	1335.3017937359668	0
10.274	1415.4184786346568	0
9.623	670.5830120557426	0
9.404	1346.6860104884113	0
9.991	1204.823711728597	0
9.692	943.4942806850372	0
10.541	1320.4356393263558	0
10.384	617.953027332444	0
9.772	1028.6432857537648	0
10.366	1487.6432936821109	0
10.204	648.5179925152935	0
9.739	968.1056531490534	0
11.07	1382.333610435942	0
10.793	964.0546680505736	0
9.644	1329.8495592791346	0
11.304	1266.4325276262934	0
10.86	1404.5522488275888	0
9.837	680.8697386279946	0
10.725	817.5660929354666	0
10.842	1463.423771178288	0
10.341	1440.2954519929922	0
10.653	1244.7576122568657	0
11.081	714.2433183583026	0
10.352	605.0727328324367	0
10.072	990.6647720552517	0
10.606	819.7585562773755	0
10.252	910.9051195137619	0
10.279	1264.646479574269	0
10.124	1170.370614629839	0
10.427	1396.8224131504298	0
10.041	1439.3512770642842	0
10.784	784.3540798104618	0
10.006	842.5026331935051	0
10.251	1260.5508091493662	0
10.386	1432.807840666489	0
10.795	1130.6116148721997	0
10.747	728.5873619180207	0
10.499	1073.1971424324172	0
9.786	1345.0603275405454	0
10.299	1206.6244644939493	0
9.645	1384.990077549939	0
9.983	1165.0958627561256	0
10.308	1461.702450550532	0
9.396	614.7302071233541	0
9.765	1310.070572730969	0
10.677	987.2545539241341	0
9.521	698.0095493846824	0
10.936	1431.2446413267407	0
10.359	1405.406443479308	0
10.323	1149.955814511511	0
11.66	1278.6265345778825	0
10.281	831.2826081527596	0
10.126	936.7761962995173	0
10.812	1186.9920048772196	0
10.411	1260.137504204814	0
9.875	1018.1199422356102	0
10.23	1243.6901498025268	0
9.984	842.1229842315994	0
10.082	1157.9020772292588	0
10.351	864.8284483101671	0
10.135	907.2129540572658	0
10.628	718.3040791695654	0
10.189	1456.40384545898	0
10.011	1000.4219447599103	0
9.158	528.3527087123359	0
9.55	1298.61332646671	0
10.306	1208.2695769032193	0
9.592	1226.6867162277038	0
9.055	370.6832819517461	0
10.129	1121.0199460682638	0
9.993	1393.381695597844	0
9.706	755.8729896915826	0
10.677	1112.0808886613922	0
10.335	1086.8272577096268	0
10.283	839.3395725343751	0
10.573	1431.2285384114343	0
10.138	634.0670670181062	0
10.303	1210.6023740565274	0
10.374	723.4774686606872	0
9.524	1463.9097090139344	0
9.627	1208.882901560849	0
10.295	677.1342837402636	0
10.382	845.1893686631851	0
9.125	702.298513491045	0
10.227	1020.5707371966541	0
10.268	1305.3027229756817	0
9.512	1102.2325863990463	0
10.177	938.3407603046287	0
10.435	812.3044748475148	0
9.399	877.2556121780246	0
10.16	771.2387142598428	0
10.57	1124.7644367096555	0
9.899	1256.6597131673172	0
10.483	1259.0997212128805	0
10.942	1491.6183617814884	0
10.297	634.3074189079491	0
10.468	1426.4007880941738	0
10.304	1098.142377204435	0
9.887	777.0583895262156	0
10.098	1065.6549461604473	0
9.459	1159.498968684367	0
10.258	1359.2742784331156	0
10.245	1302.3639024688182	0
9.743	1479.3918904355487	0
10.339	1366.6619009835968	0
10.244	1272.218383388412	0
9.974	1201.5914179802999	0
10.642	900.8706864114313	0
10.781	642.5503012781096	0
11.225	1038.8299796342312	0
11.009	972.982406647799	0
10.701	881.8251005441548	0
10.635	1274.5084961585396	0
10.752	1423.1946722022758	0
10.62	1320.8676593429182	0
9.773	802.1109039716997	0
10.301	868.2775021534339	0
9.295	502.22294422324705	0
10.169	1251.3911077448442	0
9.774	881.5895297312356	0
10.215	951.5059621696341	0
10.297	1370.4699328881072	0
9.669	1390.0761586716012	0
10.342	827.8284606512644	0
10.271	746.4649096945034	0
10.011	778.2452682543583	0
10.303	816.264525717572	0
10.769	628.5314231760307	0
10.048	1026.1276946013866	0
9.813	1139.0489892560372	0
10.244	800.1467503431381	0
9.684	1229.601084600301	0
10.784	1103.0881496347392	0
10.65	1217.28593929386	0
11.212	963.0968167255328	0
11.005	701.4432797122961	0
10.383	969.10461546342	0
10.564	914.0185937816132	0
10.671	1229.868192062199	0
10.744	1101.3856578063037	0
10.314	1273.692879118673	0
10.346	819.6199900909766	0
10.199	1030.4594553862744	0
10.143	1106.18185871217	0
10.456	804.8428250651501	0
9.926	1394.362808424466	0
9.581	1338.8735656875556	0
10.575	1327.315676945343	0
10.512	1264.8131871478454	0
9.755	1013.4582162484471	0
10.731	704.725127940501	0
10.818	1330.5873720077366	0
9.317	1033.5739556970645	0
9.909	1217.096709625358	0
10.276	1483.2047751281464	0
8.837	517.0900632817943	0
9.463	920.7677819810715	0
9.917	935.335592972884	0
10.127	1164.1828248923125	0
10.136	1314.705567176106	0
10.685	664.4312320492337	0
10.738	1331.4163623095856	0
11.119	1214.5644107646403	0
10.828	1386.3953578370003	0
9.67	1054.424158997618	0
10.732	1169.0258208726132	0
9.769	656.4586628088928	0
9.74	1123.895152476703	0
10.418	1145.3473698622383	0
10.173	618.6226633324752	0
9.948	1003.9292558594695	0
10.215	1439.8421572592742	0
11.003	1130.034033088536	0
10.255	641.5969509942121	0
10.452	962.0097625927494	0
10.12	1455.9722765136034	0
9.875	1029.187066601228	0
10.029	640.793986056157	0
9.937	905.2106032452646	0
9.751	714.0742602908633	0
10.438	1058.6955843272854	0
9.92	918.1449951304246	0
10.927	1187.2197366025634	0
11.195	1493.5298144387789	0
9.714	911.879672131952	0
10.313	1450.5653676082238	0
9.535	1140.0467626503969	0
8.938	358.2691170429405	0
10.646	1225.0080926335318	0
10.446	935.6537988555949	0
9.143	385.98424550184274	0
10.131	1032.73754697809	0
10.689	793.63475624526	0
9.606	1331.2193469351228	0
10.213	1286.7289465647173	0
9.972	1377.5750738477448	0
9.573	1443.9245518500848	0
9.693	851.3961286853466	0
10.147	1226.0415510261087	0
10.299	1174.7235948463672	0
11.084	816.0624710780301	0
10.332	676.6386917505761	0
10.62	1124.2343994918085	0
11.064	1212.704830033662	0
9.73	1403.1360523647759	0
9.952	968.3611530439855	0
10.183	1460.0024207696956	0
9.513	1234.8105361469138	0
9.833	903.0617497714625	0
11.203	845.5452552271903	0
10.457	1001.9474245843719	0
10.389	835.457535229449	0
10.297	878.5833544195777	0
10.485	1125.9785542678615	0
10.647	853.7872593247669	0
11.971	1445.3424073828878	0
10.427	1094.7425865204661	0
8.983	631.1127643467385	0
11.663	1133.5725529088536	0
10.207	845.4462345504487	0
8.766	385.0717849277593	0
10.485	748.7895850938233	0
10.751	971.0890970270327	0
9.033	508.5284039117265	0
9.405	1048.5547307922357	0
11.946	1292.535771406599	0
10.048	1336.8057467732451	0
9.403	1347.1371446144956	0
10.738	1148.9693297254514	0
10.046	1060.1171175591962	0
9.017	796.6169418258899	0
10.47	1306.009177299695	0
10.064	1440.8697343119245	0
10.214	1267.7582899847475	0
10.255	758.7113451264568	0
10.12	728.6502359722324	0
10.529	735.90697832954	0
9.929	1498.2699853777003	0
9.336	1305.3186153643906	0
9.678	1226.3595734098917	0
9.96	739.8525566389948	0
9.808	919.449501225932	0
10.416	721.8400983430168	0
10.612	1432.782033388034	0
9.534	909.4952764046545	0
10.094	5781.911649893076	1
10.098	6354.511525420194	1
10.341	5417.737250874719	1
10.584	4737.699457414083	1
10.345	3036.2056317528177	1
10.041	5110.482863700108	1
9.78	2369.4965401051604	1
9.579	5537.247004152194	1
9.254	1599.6732146476807	1
9.412	2360.067666006866	1
10.136	3471.508507554827	1
10.17	5237.48658258969	1
9.643	2941.8483272262743	1
9.814	6162.101433083158	1
9.089	1658.4717355135033	1
7.66	2278.299987849712	1
6.952	2397.8019982636115	1
6.503	1894.2031381660343	1
5.769	1494.6293754047952	1
4.802	1726.1474534836036	1
7.333	1670.6859329822264	1
9.838	4761.273199548679	1
10.582	2764.0706478464085	1
11.915	2682.1302428728486	1
11.731	4241.930710089377	1
12.437	3315.9475204922646	1
12.461	3015.7373135465305	1
12.39	5974.228413091838	1
12.058	4469.920790760725	1
13.117	5650.189012101485	1
13.658	5812.351718885675	1
13.299	3705.7577267537604	1
13.311	3541.7333051907963	1
13.419	5011.72910847138	1
13.016	6474.703880664308	1
12.552	5195.35265900042	1
12.296	3786.814422071341	1
11.811	3337.6474623682543	1
11.936	4195.303560669215	1
11.599	3737.8026631054113	1
10.893	2760.253873436528	1
10.422	4136.570613281872	1
10.39	5988.226595636641	1
10.19	2493.8662376316393	1
9.742	2759.215584703194	1
9.055	1550.208317158071	1
8.886	2199.4969090356362	1
8.297	2156.58575471152	1
7.496	2040.102759313049	1
7.372	1787.4668497416546	1
7.798	1380.2713568180166	1
7.743	2404.0322444086396	1
8.206	1524.8459947187946	1
8.489	1584.2126943260637	1
8.568	2435.104167783784	1
8.325	1369.4793970158992	1
7.979	2151.3477879113134	1
7.966	1876.7879183164964	1
7.827	1758.2626300641991	1
8.072	1317.1167898797444	1
8.224	2170.933082777701	1
8.592	1828.227038823838	1
8.959	1339.8264247443537	1
9.585	2817.4624329199105	1
9.633	5593.060723883092	1
9.906	3011.583444865678	1
10.131	3730.910067989288	1
9.965	5818.708355067027	1
9.392	2564.0099078705794	1
9.196	2216.334104217035	1
8.708	1784.765608141177	1
8.428	1916.9329442067465	1
7.903	1931.407820379734	1
8.93	1618.1871666166235	1
9.801	3679.158506684426	1
10.679	6179.724778949349	1
10.958	5081.930309058929	1
11.205	2601.0899676039307	1
11.439	4418.725839094397	1
11.105	4590.792887225291	1
11.128	4399.853894769448	1
11.328	3301.870165628647	1
11.617	3554.941481627742	1
11.435	5927.847935925594	1
11.133	5419.9646760952655	1
10.917	5948.66036737336	1
10.675	2671.7504269283636	1
10.245	3807.8226062443264	1
10.521	3389.3537091792105	1
10.826	5382.9301840189755	1
11.195	3689.440746949748	1
11.178	3935.990649395787	1
10.948	3150.46217028672	1
10.488	4128.752184518891	1
9.642	3061.130755403824	1
8.849	1857.6010756061671	1
8.763	2235.655210661922	1
8.931	1634.9212937753505	1
9.001	2407.8949452875677	1
9.412	4938.531981346574	1
9.747	4394.904100543132	1
9.763	6125.9878230134655	1
9.52	5652.728439657814	1
9.524	5529.163470705792	1
9.519	3546.520154279756	1
9.858	5024.276640196569	1
9.995	6433.4760083340225	1
10.016	4914.655320425487	1
9.783	4549.222702921419	1
10.083	4189.020999906227	1
10.131	5849.82468877182	1
9.733	4477.110064037088	1
9.529	5816.98418584127	1
9.688	2767.701820692147	1
9.708	5396.038970130754	1
9.476	3079.4862412617376	1
9.366	4850.393406034535	1
9.616	5680.998150052646	1
9.711	4635.013975565997	1
9.666	4662.028373223865	1
9.657	4640.869158822283	1
9.554	3013.2479844543222	1
9.495	3835.8498569706376	1
9.536	5862.9268020622385	1
9.441	3709.2039540565256	1
9.391	2747.1989478111063	1
9.394	4839.184120228845	1
9.612	5547.983227854913	1
9.793	5560.690163107931	1
9.945	5994.181437558187	1
9.954	5644.842686209767	1
9.872	2954.038312709259	1
9.821	5797.661860272505	1
9.945	6492.184888239311	1
10.168	4116.474291490409	1
10.179	4630.443559868299	1
10.34	3168.1155818088127	1
10.106	5680.730692950952	1
10.345	3757.9630914922564	1
10.248	2810.389602366491	1
10.162	3660.719652921276	1
10.388	5822.169890570411	1
10.236	4711.14021594563	1
10.193	2379.510481502286	1
10.216	3983.758633698562	1
9.577	5875.472361815511	1
9.643	6088.113790495783	1
9.409	4318.13277545891	1
9.493	4014.503541840556	1
10.453	4947.4621124187415	1
10.477	3919.5041660148413	1
10.475	4372.227034562397	1
10.262	3270.210624641959	1
10.33	5939.111448354477	1
9.806	3396.950228558031	1
9.871	6078.529904032548	1
10.592	4828.269870483355	1
10.418	3205.3635540649625	1
10.757	3509.009678388564	1
11.211	5954.266808278862	1
11.206	5362.457959197896	1
10.822	6368.03323548136	1
9.931	6183.878247989931	1
9.929	2710.4141590765607	1
9.637	2633.4743143827022	1
9.747	3568.0212032856234	1
10.264	3835.3752939603373	1
10.622	2895.3909172173435	1
10.929	2539.782458764987	1
10.34	5622.803795978759	1
10.229	6384.719235053125	1
9.833	3472.562277994556	1
9.961	4497.758582658538	1
10.277	3537.540322881667	1
10.27	5294.905583201614	1
10.037	4315.246724864672	1
10.16	4606.049108797314	1
10.418	2467.6492766809743	1
10.325	5106.9916243721345	1
10.2	6235.592491238907	1
10.393	6088.519922335553	1
10.642	3681.4877415945166	1
10.542	6111.776873233207	1
10.626	3191.464719289127	1
10.594	4136.431137027535	1
10.656	4691.678783969721	1
10.378	5217.775037873078	1
10.053	4442.190744378768	1
9.541	3244.6348580611793	1
10.095	4681.151580863525	1
10.213	4041.3364539117656	1
10.055	2784.2290903895546	1
9.654	6363.403356125306	1
9.814	4966.755221485078	1
10.065	4116.657722804866	1
9.762	4828.426362784092	1
9.909	5791.811986514329	1
9.923	3455.890432052309	1
9.9	4151.659880440982	1
10.143	3031.3043280929523	1
9.985	2523.6243653626047	1
10.459	4672.03676575299	1
10.03	2829.6333511322255	1
9.798	6232.75724473176	1
9.357	4758.106927456132	1
9.712	3684.815185702362	1
10.356	2927.953283816688	1
10.466	5103.977871300757	1
10.611	3488.9779319436766	1
10.259	2662.228614667281	1
10.462	6227.527986659166	1
10.455	3115.6335862566166	1
10.724	3492.41718884445	1
11.127	4865.316582687503	1
11.564	3626.450076918487	1
11.762	3428.847847250373	1
12.084	3594.569263100182	1
12.102	2345.2190554488498	1
12.811	6201.705994511229	1
12.259	2976.2337557973815	1
11.89	5001.258804107083	1
11.356	2413.3780499071577	1
9.94	3791.3711412827643	1
8.783	1732.9771955848885	1
8.092	1568.020933423359	1
7.687	2388.8474463210378	1
7.62	2213.603803045673	1
6.924	2332.8550097273937	1
6.555	2118.2938491370933	1
6.437	1439.7052695529403	1
5.904	1682.528476969696	1
5.014	1869.356633727291	1
4.258	2107.5451660386007	1
6.409	2410.750120049369	1
9.293	1801.73816793458	1
9.419	3567.0771158139955	1
9.548	5167.906439294533	1
9.607	2616.5333404011985	1
10.175	5036.7878831167545	1
10.21	3629.1061199735723	1
10.309	3101.003564825625	1
11.832	5173.524397874382	1
12.368	3818.945421468051	1
13.018	6195.373827858517	1
13.638	3789.442299627187	1
14.003	4392.698551780505	1
13.747	5435.780044165564	1
12.948	3560.948571598515	1
12.159	5928.882487132227	1
11.626	3058.4242129825275	1
11.688	2317.0557830014377	1
12.782	3388.869475843163	1
12.633	5878.621104981761	1
12.938	4795.509282873329	1
12.026	5242.202862641541	1
10.377	2812.137942900395	1
9.464	3105.485866986464	1
8.632	1823.4366266922643	1
8.5	1704.8682769906827	1
8.811	2051.386481186305	1
8.138	2011.161032623355	1
8.214	1557.9078454280234	1
8.223	1953.707869695571	1
7.794	1805.780777383441	1
7.246	2372.8225334984418	1
7.507	2053.7658884895295	1
6.894	1757.6555971677542	1
8.124	2267.714948786779	1
8.284	1818.8417859705246	1
8.066	1520.8562877144477	1
9.847	4422.882561368595	1
9.682	3936.5995738292636	1
9.799	2449.516075211518	1
9.484	6272.675488275561	1
10.681	3202.9919565553137	1
11.542	5113.656225645986	1
11.725	6352.363773964595	1
12.139	5587.081333187387	1
13.044	2606.2437584982467	1
13.265	2427.1337327056276	1
12.664	4888.993446933206	1
11.252	4568.9918304572375	1
11.053	2978.030984647348	1
10.122	3120.4062841810946	1
10.175	3057.6845059912866	1
10.459	5818.967841471476	1
10.232	2912.909396728774	1
10.305	4292.220378811803	1
10.794	5175.2105941956725	1
10.308	3989.94485959317	1
9.647	3327.6839469230963	1
9.724	3546.660325095053	1
9.44	3015.338711609994	1
9.82	3098.7011239525855	1
10.504	3490.412674799348	1
10.556	2894.6365128658676	1
10.594	5462.42892119189	1
10.12	5717.3965456849255	1
10.116	2598.876327055065	1
10.19	3304.498655478995	1
10.392	4199.9549875527555	1
10.237	6468.380783966028	1
9.809	4009.6464700856636	1
9.713	5244.925281410617	1
9.961	2731.1221708904645	1
9.187	1630.7449092620561	1
9.792	3125.6519089287603	1
9.488	6358.973266465909	1
9.343	4873.455405968138	1
9.8	2897.7553751908913	1
10.567	4133.370811686291	1
10.746	2737.2441999655257	1
10.526	4900.067620176653	1
10.672	6348.816813626724	1
10.529	3766.4433643239927	1
10.292	5757.485006627048	1
9.927	4505.389990360792	1
10.023	4991.985895099098	1
9.928	2710.0912015668255	1
9.88	6064.403457955026	1
9.55	2777.4793427543755	1
9.609	5148.70088545987	1
9.627	4740.562224230203	1
8.744	2472.1043015838854	1
9.421	3369.3496848349973	1
9.806	5063.181159040256	1
9.817	2637.9539073604274	1
9.945	4712.343497432721	1
10.219	4375.815485458201	1
10.116	2977.492928573071	1
10.094	3492.990390120729	1
10.094	2466.8348893086286	1
10.098	4394.491075110327	1
10.341	6409.188548919544	1
10.584	5927.186310497327	1
10.345	6403.400644831966	1
10.041	3121.7581968121044	1
9.78	6098.8106120293105	1
9.579	5499.767492628627	1
9.254	1336.0271278424864	1
9.412	3823.351832492246	1
10.136	5971.586478137444	1
10.17	3717.068072284967	1
9.643	4640.476158237108	1
9.814	5552.223811705942	1
9.089	2290.6226348623973	1
7.66	2457.173985903092	1
6.952	2041.9303342488693	1
6.503	1975.1909582569588	1
5.769	2114.0429100007796	1
4.802	1873.5468264047875	1
7.333	1322.6051665926743	1
9.838	6020.1670338174845	1
10.582	5214.277704941346	1
11.915	4620.155784080729	1
11.731	4812.075147144549	1
12.437	3129.786271048453	1
12.461	2690.3318230665463	1
12.39	5018.564163273071	1
12.058	4251.044632492849	1
13.117	3141.754318557893	1
13.658	3150.0271327190057	1
13.299	3827.794679256776	1
13.311	4612.6272742561905	1
13.419	4583.795465061661	1
13.016	4391.365933708115	1
12.552	2461.132344478722	1
12.296	5236.001138044571	1
11.811	6098.944091979451	1
11.936	4492.800547071029	1
11.599	6364.428132737645	1
10.893	5587.587757060213	1
10.422	4914.233700484372	1
10.39	3148.818742526213	1
10.19	5917.551409270625	1
9.742	4260.049753528151	1
9.055	1831.0024952001936	1
8.886	2100.0064924885146	1
8.297	2491.9760593067977	1
7.496	1378.2599866490573	1
7.372	1770.2414600285033	1
7.798	1892.5357158487475	1
7.743	2122.90816870775	1
8.206	1685.2577390949966	1
8.489	2005.6336900909782	1
8.568	1832.3659904530418	1
8.325	2269.722031628661	1
7.979	1582.7235577039978	1
7.966	2310.435545656177	1
7.827	2388.8579047618214	1
8.072	1358.6215987763287	1
8.224	1698.509264364493	1
8.592	1583.0738251200064	1
8.959	1398.45175182764	1
9.585	5929.732332049757	1
9.633	3776.243902017669	1
9.906	6239.357029585895	1
10.131	3593.038442771638	1
9.965	6330.484825603682	1
9.392	6030.2101622028595	1
9.196	2041.186191984901	1
8.708	1784.1806957084666	1
8.428	1504.2697368636545	1
7.903	2410.22369261527	1
8.93	1371.6914005597118	1
9.801	3403.2869769047766	1
10.679	2885.8494387825326	1
10.958	4509.805326569647	1
11.205	4362.777829960885	1
11.439	3318.709059968094	1
11.105	3858.5875535069595	1
11.128	2733.3792947457	1
11.328	6175.012014626105	1
11.617	3420.1863675945365	1
11.435	4332.548772115969	1
11.133	5470.65018597854	1
10.917	4832.076395913085	1
10.675	2780.225289515237	1
10.245	4477.183038272891	1
10.521	2743.8046127898906	1
10.826	5023.622159540795	1
11.195	3922.601809004987	1
11.178	3613.6404411932117	1
10.948	5315.3250632224845	1
10.488	6180.584613718517	1
9.642	3851.4575890497513	1
8.849	2350.746603770196	1
8.763	2352.3258512397297	1
8.931	2397.8426504317995	1
9.001	1609.3006931316638	1
9.412	5672.367331894334	1
9.747	3142.2286464411313	1
9.763	3408.073466462006	1
9.52	2422.7800113050866	1
9.524	3146.6760806049524	1
9.519	6103.1772288301145	1
9.858	3809.9742037145206	1
9.995	4263.784546722577	1
10.016	3165.7345665165976	1
9.783	2760.4613876470266	1
10.083	6131.293836311745	1
10.131	6341.9617592618315	1
9.733	3603.289718180667	1
9.529	4506.219202809432	1
9.688	4143.979006804282	1
9.708	4284.630815942452	1
9.476	5691.774266588565	1
9.366	3113.8839804131962	1
9.616	3264.1106664984773	1
9.711	6146.053024370299	1
9.666	4082.852421649823	1
9.657	2730.538377073274	1
9.554	2339.896306107846	1
9.495	3966.858194315598	1
9.536	5328.361129192552	1
9.441	5045.640559458539	1
9.391	5968.053647740679	1
9.394	5874.868996452254	1
9.612	4205.871694903908	1
9.793	5568.199556173799	1
9.945	4078.9860821096427	1
9.954	3603.00629055639	1
9.872	6111.948711998342	1
9.821	2899.5785050993795	1
9.945	3853.994447798281	1
10.168	2556.000907564731	1
10.179	4509.959177178426	1
10.34	2838.65703139382	1
10.106	4803.619430659155	1
10.345	5800.634474320675	1
10.248	4792.895394219626	1
10.162	6151.178985414825	1
10.388	5630.940037421003	1
10.236	2351.035096738895	1
10.193	5576.566293877713	1
10.216	4184.728924945272	1
9.577	5470.806838609393	1
9.643	2339.613288192281	1
9.409	6299.398285047037	1
9.493	5459.605044223783	1
10.453	3008.285941529032	1
10.477	5142.824973553421	1
10.475	4591.411565156439	1
10.262	5867.4391468842705	1
10.33	5280.356149436747	1
9.806	4801.076024151556	1
9.871	2629.6781709241504	1
10.592	3102.4923352167125	1
10.418	4057.763845107538	1
10.757	5958.88644146783	1
11.211	4595.084290909155	1
11.206	6241.53927575675	1
10.822	4231.340970650578	1
9.931	4553.698278616637	1
9.929	5813.033945418545	1
9.637	6339.853959646771	1
9.747	6008.948250026943	1
10.264	6271.685754227429	1
10.622	4619.722020707701	1
10.929	3065.536558401208	1
10.34	6320.947264939672	1
10.229	5636.681765974301	1
9.833	6304.103212522881	1
9.961	6286.183252473798	1
10.277	4138.583199528475	1
10.27	4551.028892826302	1
10.037	4023.4133110474622	1
10.16	3796.6964375412695	1
10.418	6418.116680596523	1
10.325	2711.5379660439585	1
10.2	2481.9287333173356	1
10.393	3975.4728119342567	1
10.642	4697.745930259252	1
10.542	5835.943898305395	1
10.626	5037.060331942398	1
10.594	2843.6569195199527	1
10.656	2340.3742259009146	1
10.378	3316.249738420484	1
10.053	4523.823433930158	1
9.541	2942.006505580521	1
10.095	4159.492137704163	1
10.213	5337.345321842153	1
10.055	5063.584681875297	1
9.654	3129.422113212916	1
9.814	4008.778089118843	1
10.065	2639.1103766554343	1
9.762	2345.3795445311243	1
9.909	5968.208164154999	1
9.923	2909.35170691607	1
9.9	3992.2217039421103	1
10.143	3928.5925398192035	1
9.985	3324.2828027541286	1
10.459	3333.110142008767	1
10.03	2438.5648047335617	1
9.798	4008.167308144527	1
9.357	5926.300895573879	1
9.712	5540.377387261077	1
10.356	6385.017705660184	1
10.466	4254.25911340148	1
10.611	3285.414803825082	1
10.259	4803.406954713631	1
10.462	4796.509289247717	1
10.455	3465.8372019188723	1
10.724	3142.2084546002607	1
11.127	4345.444629358519	1
11.564	2330.6625813414457	1
11.762	4581.174471262585	1
12.084	3807.2223378597437	1
12.102	2442.7851199829074	1
12.811	4751.40570713277	1
12.259	2322.7531307621744	1
11.89	4842.306570503673	1
11.356	2713.628970828311	1
9.94	3425.3600801377015	1
8.783	1531.6954642239557	1
8.092	2387.9024600239063	1
7.687	1464.9849152719262	1
7.62	2146.7471391607523	1
6.924	1649.2850811540136	1
6.555	1440.6855020696626	1
6.437	2293.004194865864	1
5.904	1842.256033310598	1
5.014	2488.882817530739	1
4.258	1856.143891314058	1
6.409	1607.8558590226237	1
9.293	1313.0479463855502	1
9.419	3860.8248677644474	1
9.548	2768.49617374195	1
9.607	6291.641163263754	1
10.175	5406.346616679365	1
10.21	3305.295220199293	1
10.309	2310.718570128746	1
11.832	5304.181825183395	1
12.368	4560.703430088134	1
13.018	4872.422631004589	1
13.638	3324.6305396972384	1
14.003	5459.072038793947	1
13.747	4326.002787797065	1
12.948	3973.228189577275	1
12.159	4361.547270445617	1
11.626	5056.199737660677	1
11.688	5565.706046228654	1
12.782	4346.275083827512	1
12.633	5176.373763058449	1
12.938	5601.775067855382	1
12.026	4558.535459349973	1
10.377	2711.5814616024622	1
9.464	3057.4912444161087	1
8.632	1631.3681909755305	1
8.5	2193.2243015729714	1
8.811	2352.5460054805053	1
8.138	1504.915243899233	1
8.214	1384.880388301987	1
8.223	1591.7451226673625	1
7.794	1832.1298889918246	1
7.246	1663.115400724072	1
7.507	2205.1779288820444	1
6.894	2124.9259711208892	1
8.124	2089.3637203709327	1
8.284	1985.8561960984875	1
8.066	2485.6634446930752	1
9.847	4724.428479804214	1
9.682	2475.4095456206537	1
9.799	3062.357399960623	1
9.484	2338.686840012768	1
10.681	4781.923531538507	1
11.542	4314.806132664817	1
11.725	4530.419518871064	1
12.139	5918.901116874866	1
13.044	5202.388775763321	1
13.265	5777.902786445565	1
12.664	3746.0687242267013	1
11.252	4161.930509933579	1
11.053	5060.802990501537	1
10.122	4744.854031789984	1
10.175	5594.646256967184	1
10.459	5315.332236644283	1
10.232	3354.095164611512	1
10.305	4698.467318854573	1
10.794	2642.4476920738034	1
10.308	3840.010677457126	1
9.647	5637.870817644825	1
9.724	2750.697405097566	1
9.44	2899.0347962189153	1
9.82	2527.320201595687	1
10.504	3031.1173419090965	1
10.556	3342.3373431094346	1
10.594	4521.784365518396	1
10.12	2429.5711153335496	1
10.116	6020.494489547882	1
10.19	6201.8390718205155	1
10.392	5755.089068673683	1
10.237	3072.5227820946498	1
9.809	6444.346380196677	1
9.713	5782.067637854465	1
9.961	3474.5317411929855	1
9.187	1643.898681918546	1
9.792	6092.298672369916	1
9.488	4223.183976020563	1
9.343	3100.5063336586236	1
9.8	4996.2454637382325	1
10.567	3398.4479533821877	1
10.746	3919.4326691260376	1
10.526	4095.8448856465516	1
10.672	5304.323323309514	1
10.529	3763.399199924318	1
10.292	5746.1705015340995	1
9.927	5236.080988536061	1
10.023	3914.463511322538	1
9.928	2410.7586881717907	1
9.88	5013.596289277329	1
9.55	6477.691230833103	1
9.609	3427.176700916064	1
9.627	5305.000557046858	1
8.744	1379.3345415178967	1
9.421	4682.503437796755	1
9.806	3420.8704591208843	1
9.817	3686.180921727743	1
9.945	4862.205329456368	1
10.219	4183.234634383881	1
10.116	3764.4743916086554	1
10.094	2337.5485876091343	1